[[0.61155645 0.53456914 0.79175017 0.77371409]
 [0.70440882 0.57047428 0.70190381 0.80177021]
 [0.76703407 0.57214429 0.73213093 0.80928524]
 [0.78724115 0.55327321 0.74615898 0.80744823]
 [0.82982632 0.59452238 0.79759519 0.8507014 ]
 [0.83650635 0.58817635 0.81262525 0.84118236]
 [0.85905144 0.59335337 0.83834335 0.8496994 ]
 [0.86138945 0.57748831 0.84452238 0.85654643]
 [0.85871743 0.58517034 0.86038744 0.84769539]
 [0.87775551 0.59285237 0.87374749 0.85437542]
 [0.88443554 0.61372745 0.88376754 0.87107548]
 [0.88577154 0.60604542 0.88243153 0.87742151]
 [0.8759185  0.5998664  0.88360053 0.85905144]
 [0.87975952 0.5993654  0.88710755 0.86857047]
 [0.89245157 0.60537742 0.8992986  0.8739145 ]
 [0.88844355 0.60888444 0.90230461 0.88226453]
 [0.8999666  0.6010354  0.90881764 0.88009352]
 [0.90447562 0.63977956 0.91098864 0.8989646 ]
 [0.89311957 0.60370741 0.90263861 0.87859051]
 [0.9001336  0.63142953 0.91249165 0.89245157]
 [0.90698063 0.6240815  0.91883768 0.90197061]
 [0.90397462 0.6255845  0.91032064 0.89094856]
 [0.91649967 0.64478958 0.9243487  0.89645959]
 [0.91432866 0.64395458 0.9256847  0.90881764]
 [0.90364061 0.63694055 0.90931864 0.90614562]
 [0.92301269 0.6501336  0.92835671 0.90931864]
 [0.91466266 0.62875752 0.92317969 0.90514362]
 [0.92718771 0.63677355 0.92902472 0.90831663]]
[[0.5990314  0.66082164 0.77287909 0.751169  ]
 [0.62040748 0.69271877 0.84185037 0.78306613]
 [0.64579158 0.69054776 0.8742485  0.80126921]
 [0.67150969 0.70624582 0.89679359 0.80544422]
 [0.71442886 0.70374081 0.90397462 0.8241483 ]
 [0.75734803 0.71426186 0.91382766 0.81897128]
 [0.77254509 0.7251169  0.91499666 0.81579826]
 [0.81346025 0.72795591 0.91315965 0.8259853 ]
 [0.82214429 0.71643287 0.91649967 0.81429526]
 [0.84251837 0.72862391 0.91950568 0.81713427]
 [0.85955244 0.72027388 0.9256847  0.82314629]
 [0.88026052 0.74114896 0.92702071 0.87107548]
 [0.88827655 0.70908484 0.92134269 0.86272545]
 [0.91516366 0.75283901 0.93169673 0.8742485 ]
 [0.91449566 0.71927188 0.92952572 0.86790247]
 [0.9243487  0.73630595 0.93086172 0.87074148]
 [0.93887776 0.74549098 0.93353373 0.88777555]
 [0.93904476 0.73530394 0.93002672 0.88176353]
 [0.9495658  0.74098196 0.92885772 0.87775551]
 [0.9500668  0.73947896 0.92985972 0.87641951]
 [0.95507682 0.73764195 0.92802271 0.87074148]
 [0.96342685 0.74315297 0.92785571 0.88777555]
 [0.96526386 0.73764195 0.9238477  0.88426854]
 [0.96626587 0.74699399 0.92150969 0.88259853]
 [0.97261189 0.74565798 0.91967268 0.89362057]
 [0.9756179  0.76085504 0.91933868 0.89545758]
 [0.97695391 0.74782899 0.91700067 0.88694055]
 [0.97929192 0.74782899 0.91599866 0.9011356 ]]
[[0.59686039 0.5497662  0.77922512 0.75584502]
 [0.62090848 0.60754843 0.83800935 0.79458918]
 [0.65180361 0.62274549 0.88710755 0.80895124]
 [0.67835671 0.62925852 0.90380762 0.80678023]
 [0.71025384 0.61356045 0.91933868 0.80260521]
 [0.76452906 0.64478958 0.93687375 0.8248163 ]
 [0.77104208 0.60521042 0.93486974 0.8011022 ]
 [0.79676019 0.62942552 0.94154977 0.81162325]
 [0.81980628 0.63159653 0.94522378 0.81680027]
 [0.85754843 0.63510354 0.95440882 0.83533734]
 [0.85771543 0.63727455 0.96042084 0.81128925]
 [0.86940548 0.61389446 0.96275885 0.82064128]
 [0.89195057 0.64245157 0.96426186 0.83617234]
 [0.91249165 0.63593854 0.97094188 0.8493654 ]
 [0.90948564 0.61356045 0.96659987 0.81980628]
 [0.92718771 0.6245825  0.9742819  0.82832331]
 [0.92835671 0.63493654 0.9746159  0.83617234]
 [0.94221777 0.65714763 0.9746159  0.85754843]
 [0.94271877 0.64245157 0.97795591 0.84752839]
 [0.94522378 0.61439546 0.97628591 0.82064128]
 [0.9509018  0.63977956 0.9757849  0.82949232]
 [0.95808283 0.63543754 0.98380094 0.89445558]
 [0.96559786 0.64061456 0.98162993 0.88009352]
 [0.96325985 0.6249165  0.98329993 0.87792251]
 [0.96927188 0.63276553 0.98630595 0.88243153]
 [0.97311289 0.65748163 0.99048096 0.90330661]
 [0.9761189  0.63410154 0.98914496 0.88627255]
 [0.9756179  0.6499666  0.99365397 0.88410154]]
[[0.61088844 0.55243821 0.82698731 0.77204409]
 [0.60437542 0.5509352  0.85905144 0.79074816]
 [0.65714763 0.59435538 0.88911156 0.82114228]
 [0.67050768 0.57348029 0.90414162 0.79291917]
 [0.72979292 0.60654643 0.91900468 0.80360721]
 [0.73714095 0.59602538 0.92818971 0.79625919]
 [0.78607214 0.5995324  0.94789579 0.83049432]
 [0.81112224 0.61339345 0.95708083 0.83099532]
 [0.82798931 0.59853039 0.95524382 0.80828323]
 [0.85387442 0.61138945 0.95891784 0.82849031]
 [0.8749165  0.59719439 0.96459586 0.83299933]
 [0.87625251 0.5991984  0.97261189 0.82915832]
 [0.89061456 0.60437542 0.9741149  0.81813627]
 [0.90848363 0.60604542 0.9759519  0.8246493 ]
 [0.91332665 0.58951236 0.97879092 0.83466934]
 [0.91967268 0.6012024  0.97945892 0.83099532]
 [0.92935872 0.59836339 0.98229793 0.84602538]
 [0.93169673 0.59869739 0.98530394 0.84502338]
 [0.94372077 0.6239145  0.98714095 0.84485638]
 [0.94288577 0.6010354  0.98680695 0.83233133]
 [0.9500668  0.59786239 0.98931196 0.84218437]
 [0.96359385 0.60938544 0.99098196 0.85487642]
 [0.95574482 0.5993654  0.98981296 0.83450234]
 [0.96693387 0.6002004  0.99215097 0.84535738]
 [0.96676687 0.5993654  0.99415498 0.84802939]
 [0.97060788 0.58717435 0.99549098 0.85788243]
 [0.97645291 0.61272545 0.99565798 0.83667335]
 [0.97645291 0.61539746 0.99682699 0.83233133]]
[[0.60571142 0.57899132 0.82030728 0.76436206]
 [0.61740147 0.61823647 0.85187041 0.81663327]
 [0.65330661 0.64078156 0.88026052 0.80444222]
 [0.69171677 0.67100868 0.9008016  0.81279225]
 [0.71309285 0.6741817  0.92050768 0.81780227]
 [0.75634603 0.68386774 0.93403474 0.81479626]
 [0.78039412 0.67852371 0.94021376 0.81847027]
 [0.79241817 0.66349365 0.94355377 0.79642619]
 [0.82114228 0.69539078 0.95290581 0.81796927]
 [0.84552438 0.67117568 0.95891784 0.81513026]
 [0.86639947 0.69054776 0.96643287 0.81763527]
 [0.87641951 0.69422178 0.96609886 0.82682031]
 [0.89278557 0.69355377 0.96726787 0.8238143 ]
 [0.90531062 0.69305277 0.97645291 0.83299933]
 [0.91466266 0.69772879 0.97778891 0.83583834]
 [0.92084168 0.6740147  0.97845691 0.82949232]
 [0.9260187  0.69154977 0.98246493 0.83433534]
 [0.93553774 0.6743487  0.98446894 0.82331329]
 [0.94589178 0.69555778 0.98714095 0.84569138]
 [0.95457582 0.70624582 0.98931196 0.85587842]
 [0.95557782 0.68971276 0.98981296 0.85303941]
 [0.95741483 0.68102872 0.99131597 0.85287241]
 [0.96242485 0.69038076 0.99198397 0.83500334]
 [0.96325985 0.69305277 0.99131597 0.84151637]
 [0.97077488 0.70257181 0.99615898 0.86122244]
 [0.96543086 0.69806279 0.99432198 0.85871743]
 [0.9742819  0.71075484 0.99649299 0.83967936]
 [0.97645291 0.70708083 0.99682699 0.84101536]]
[[0.5991984  0.61690047 0.81279225 0.75918504]
 [0.60888444 0.62942552 0.84418838 0.79191717]
 [0.64261857 0.63593854 0.88894456 0.80293921]
 [0.68002672 0.65430862 0.90313961 0.80911824]
 [0.69839679 0.63794255 0.91115564 0.80394122]
 [0.75300601 0.64428858 0.94255177 0.82097528]
 [0.78390114 0.66148965 0.94121576 0.81646627]
 [0.81128925 0.67217769 0.94154977 0.8251503 ]
 [0.8251503  0.64512358 0.94756179 0.80845023]
 [0.84519038 0.6499666  0.95207081 0.82130929]
 [0.86205745 0.66466266 0.96175685 0.82331329]
 [0.88176353 0.66933868 0.96108884 0.82314629]
 [0.8996326  0.68219773 0.96626587 0.83199733]
 [0.89011356 0.65547762 0.96593186 0.81496326]
 [0.90781563 0.66315965 0.9744489  0.8249833 ]
 [0.92084168 0.67234469 0.97995992 0.83199733]
 [0.93069472 0.6738477  0.98079492 0.84318637]
 [0.93954576 0.65731463 0.98213093 0.84335337]
 [0.94221777 0.67100868 0.98413494 0.85237141]
 [0.9492318  0.66332665 0.98864395 0.83951236]
 [0.95641283 0.66549766 0.98864395 0.8503674 ]
 [0.95891784 0.68102872 0.99348697 0.86356045]
 [0.95858383 0.6760187  0.99031396 0.84418838]
 [0.96259185 0.66215765 0.99315297 0.84836339]
 [0.96993988 0.67034068 0.99632599 0.86138945]
 [0.97244489 0.68987976 0.99682699 0.87658651]
 [0.97745491 0.6746827  0.99766199 0.84001336]
 [0.97795591 0.67852371 0.99532398 0.84802939]]
[[0.60270541 0.62775551 0.81746827 0.75167001]
 [0.61990648 0.64395458 0.85320641 0.79208417]
 [0.64562458 0.64195057 0.88476954 0.81346025]
 [0.67885772 0.66015364 0.8991316  0.81262525]
 [0.71927188 0.65798263 0.92301269 0.82247829]
 [0.75267201 0.68069472 0.9256847  0.81930528]
 [0.79342017 0.69589178 0.93987976 0.82030728]
 [0.80260521 0.67885772 0.93787575 0.80845023]
 [0.82147629 0.69004676 0.94004676 0.81028724]
 [0.8496994  0.68653975 0.94839679 0.80761523]
 [0.85637943 0.68520374 0.95173681 0.81095524]
 [0.88393454 0.70474282 0.96025384 0.83299933]
 [0.88560454 0.68503674 0.95925184 0.81830327]
 [0.90197061 0.68737475 0.95507682 0.81546426]
 [0.91599866 0.70808283 0.97194389 0.83851035]
 [0.92368069 0.70190381 0.9747829  0.82982632]
 [0.93086172 0.7009018  0.9751169  0.83299933]
 [0.93770875 0.68921176 0.98062792 0.82698731]
 [0.93436874 0.67852371 0.97979292 0.8256513 ]
 [0.94822979 0.69321977 0.98496994 0.84335337]
 [0.95824983 0.70323981 0.98847695 0.85504342]
 [0.95541082 0.70724783 0.98780895 0.83517034]
 [0.96025384 0.71392786 0.99114896 0.8500334 ]
 [0.96810287 0.71693387 0.99315297 0.85504342]
 [0.96693387 0.69772879 0.99315297 0.85688043]
 [0.97311289 0.70657983 0.99682699 0.87040748]
 [0.97344689 0.71409486 0.99599198 0.83416834]
 [0.98012692 0.70741483 0.99832999 0.84168337]]
[[0.60470942 0.61673347 0.82030728 0.75701403]
 [0.60971944 0.64128257 0.86072144 0.81078824]
 [0.64812959 0.66649967 0.88443554 0.80661323]
 [0.67718771 0.66549766 0.89712759 0.80845023]
 [0.72311289 0.67919172 0.91165665 0.81563126]
 [0.75617902 0.68186373 0.9246827  0.81346025]
 [0.78256513 0.67785571 0.9241817  0.80895124]
 [0.80344021 0.67718771 0.92651971 0.81496326]
 [0.8239813  0.67802271 0.94021376 0.81145625]
 [0.84435538 0.68520374 0.93887776 0.81563126]
 [0.8754175  0.70156981 0.95323981 0.83466934]
 [0.89111556 0.69739479 0.95991984 0.83884436]
 [0.89195057 0.68486974 0.95607882 0.81128925]
 [0.90831663 0.69522378 0.96543086 0.8254843 ]
 [0.90898464 0.67735471 0.96459586 0.82164329]
 [0.91850367 0.7000668  0.96943888 0.83149633]
 [0.92752171 0.68754175 0.97211089 0.83149633]
 [0.93620574 0.69856379 0.97661991 0.83099532]
 [0.94405478 0.69088176 0.97979292 0.83750835]
 [0.94539078 0.68019372 0.98296593 0.83350033]
 [0.95607882 0.71075484 0.98764195 0.84418838]
 [0.95624582 0.69622578 0.98613894 0.83817635]
 [0.96108884 0.68687375 0.98780895 0.83867735]
 [0.96342685 0.66800267 0.99048096 0.84452238]
 [0.96843687 0.69622578 0.99482298 0.86723447]
 [0.96960588 0.68436874 0.99498998 0.86756847]
 [0.97227789 0.68019372 0.99515698 0.83082832]
 [0.97695391 0.68219773 0.99749499 0.84051436]]
[[0.60888444 0.51452906 0.81997328 0.76853707]
 [0.60888444 0.50534402 0.86840347 0.78072812]
 [0.63777555 0.51953908 0.8750835  0.79642619]
 [0.6758517  0.52354709 0.89512358 0.7995992 ]
 [0.71676687 0.53206413 0.91349365 0.81613226]
 [0.76202405 0.54175017 0.91466266 0.81730127]
 [0.78540414 0.54225117 0.92150969 0.81128925]
 [0.8001002  0.53306613 0.9253507  0.80828323]
 [0.82314629 0.53874415 0.93069472 0.81596526]
 [0.84602538 0.54525718 0.93119572 0.82164329]
 [0.87207749 0.55293921 0.94271877 0.81913828]
 [0.88326653 0.55193721 0.9492318  0.82698731]
 [0.89228457 0.56229125 0.9493988  0.83116232]
 [0.90531062 0.57798931 0.95724783 0.83316633]
 [0.91683367 0.55577822 0.95507682 0.8241483 ]
 [0.92184369 0.55126921 0.96342685 0.82698731]
 [0.92117568 0.5758183  0.96960588 0.8241483 ]
 [0.94188377 0.56730127 0.9737809  0.84318637]
 [0.93887776 0.5744823  0.9757849  0.83700735]
 [0.93937876 0.57982632 0.97845691 0.82231129]
 [0.94655979 0.57214429 0.97795591 0.82748831]
 [0.95207081 0.58884436 0.98380094 0.82999332]
 [0.95975284 0.59268537 0.98413494 0.83617234]
 [0.95708083 0.58583834 0.98597194 0.81847027]
 [0.97160989 0.58901136 0.99265197 0.84869739]
 [0.97645291 0.59752839 0.99549098 0.8495324 ]
 [0.9741149  0.58817635 0.99432198 0.82865731]
 [0.97912492 0.59068136 0.99699399 0.83700735]]
[[0.60287241 0.59669339 0.82181029 0.75818303]
 [0.61389446 0.5995324  0.86790247 0.78974616]
 [0.63627255 0.59134937 0.87992652 0.79676019]
 [0.68269873 0.60721443 0.89161657 0.80377422]
 [0.72695391 0.61773547 0.90998664 0.81930528]
 [0.75501002 0.62742151 0.91800267 0.8239813 ]
 [0.77037408 0.61923848 0.91282565 0.80527722]
 [0.80227121 0.62274549 0.92685371 0.82164329]
 [0.83283233 0.62975952 0.9261857  0.82030728]
 [0.84418838 0.61890448 0.92685371 0.81813627]
 [0.85671343 0.61723447 0.93236473 0.79859719]
 [0.87341349 0.6245825  0.94238477 0.81412826]
 [0.89161657 0.63877756 0.94271877 0.81997328]
 [0.90597862 0.63259853 0.94689379 0.83066132]
 [0.90831663 0.62675351 0.94873079 0.81813627]
 [0.91900468 0.62742151 0.95858383 0.82965932]
 [0.92768871 0.63209753 0.96275885 0.83049432]
 [0.93219773 0.62708751 0.96743487 0.83199733]
 [0.93971276 0.62324649 0.96075484 0.81713427]
 [0.94004676 0.63777555 0.97160989 0.83517034]
 [0.94689379 0.63142953 0.97728791 0.83233133]
 [0.95424182 0.63710755 0.9759519  0.82665331]
 [0.95357381 0.64478958 0.98112892 0.82748831]
 [0.96292585 0.63527054 0.98430194 0.83233133]
 [0.97127589 0.6487976  0.99515698 0.84335337]
 [0.97110888 0.66499666 0.99498998 0.83917836]
 [0.9737809  0.65497662 0.99632599 0.83533734]
 [0.97778891 0.64796259 0.99632599 0.83517034]]
[[0.59585838 0.62057448 0.81696727 0.75651303]
 [0.61222445 0.62925852 0.8502004  0.79759519]
 [0.65347361 0.65447562 0.87842351 0.80911824]
 [0.69388778 0.63410154 0.88911156 0.80561122]
 [0.70541082 0.64061456 0.89846359 0.81112224]
 [0.76118904 0.66666667 0.90347361 0.81379426]
 [0.77722111 0.63326653 0.90748163 0.80377422]
 [0.8006012  0.65881764 0.91182365 0.80527722]
 [0.83149633 0.65681363 0.92835671 0.82899132]
 [0.8505344  0.66599866 0.92752171 0.81730127]
 [0.8759185  0.65330661 0.92985972 0.8251503 ]
 [0.88042752 0.63894456 0.93670675 0.81713427]
 [0.89211757 0.65230461 0.93937876 0.82097528]
 [0.91032064 0.65865063 0.94706079 0.83684035]
 [0.90981964 0.64579158 0.94806279 0.8238143 ]
 [0.92117568 0.64512358 0.9507348  0.81462926]
 [0.92952572 0.67752171 0.95524382 0.83734135]
 [0.92718771 0.65881764 0.95841683 0.83350033]
 [0.93603874 0.63643955 0.96726787 0.83132933]
 [0.94338677 0.65748163 0.97194389 0.82965932]
 [0.9498998  0.65965264 0.9737809  0.84018036]
 [0.95574482 0.67034068 0.9742819  0.83633935]
 [0.95457582 0.65480962 0.9761189  0.83116232]
 [0.96259185 0.67134269 0.98079492 0.83917836]
 [0.96927188 0.67150969 0.99014696 0.83283233]
 [0.96810287 0.65397462 0.98997996 0.8248163 ]
 [0.9749499  0.6740147  0.99398798 0.82949232]
 [0.97344689 0.65297261 0.99498998 0.82949232]]
[[0.61105544 0.66533066 0.82231129 0.74599198]
 [0.60704743 0.6755177  0.85187041 0.78239813]
 [0.63259853 0.67969272 0.87307949 0.79776219]
 [0.67685371 0.68820975 0.88961256 0.80210421]
 [0.71910488 0.70657983 0.8999666  0.80995324]
 [0.74348697 0.70474282 0.91232465 0.82197729]
 [0.77922512 0.70374081 0.91032064 0.82030728]
 [0.80360721 0.69221777 0.91065464 0.81663327]
 [0.82214429 0.71693387 0.92167669 0.82147629]
 [0.8502004  0.69706079 0.91917168 0.81379426]
 [0.86189045 0.68804275 0.9261857  0.81763527]
 [0.8757515  0.71058784 0.93720775 0.81763527]
 [0.8992986  0.71342685 0.93704075 0.83283233]
 [0.90163661 0.6988978  0.93620574 0.82247829]
 [0.92117568 0.72327989 0.94622578 0.84368737]
 [0.91883768 0.69822979 0.94405478 0.82097528]
 [0.92134269 0.69539078 0.9493988  0.81913828]
 [0.93069472 0.71092184 0.95340681 0.83116232]
 [0.93954576 0.70440882 0.95657983 0.82915832]
 [0.94305277 0.71158985 0.96526386 0.83517034]
 [0.9493988  0.7000668  0.96175685 0.82932532]
 [0.95474282 0.69288577 0.96793587 0.8254843 ]
 [0.95925184 0.73129593 0.97661991 0.84769539]
 [0.95958584 0.71225785 0.97795591 0.83700735]
 [0.96810287 0.6995658  0.98613894 0.83500334]
 [0.97695391 0.72160989 0.98931196 0.85303941]
 [0.97645291 0.72979292 0.99448898 0.84702739]
 [0.97895792 0.71927188 0.99365397 0.84251837]]
[[0.59686039 0.60153641 0.83166333 0.77237809]
 [0.61940548 0.62758851 0.85921844 0.79392118]
 [0.65948564 0.62992652 0.89228457 0.81563126]
 [0.68136273 0.64495658 0.87975952 0.79659319]
 [0.72110888 0.67184369 0.89812959 0.8243153 ]
 [0.75400802 0.67818971 0.89712759 0.80895124]
 [0.78807615 0.67635271 0.90865063 0.82732131]
 [0.80527722 0.67034068 0.90631263 0.81078824]
 [0.83366733 0.69054776 0.91499666 0.82080828]
 [0.8490314  0.66766867 0.91265865 0.81295925]
 [0.87124248 0.68219773 0.9251837  0.83500334]
 [0.88209753 0.68203073 0.9248497  0.82214429]
 [0.88510354 0.68603874 0.92718771 0.81680027]
 [0.90597862 0.69539078 0.92885772 0.81997328]
 [0.90263861 0.70407482 0.93620574 0.8246493 ]
 [0.92752171 0.7010688  0.94188377 0.83049432]
 [0.93453574 0.69188377 0.94589178 0.83483634]
 [0.93954576 0.69071476 0.94672679 0.83717435]
 [0.94405478 0.71092184 0.9510688  0.83767535]
 [0.93720775 0.65664663 0.9498998  0.81312625]
 [0.9500668  0.7005678  0.9512358  0.82197729]
 [0.95624582 0.70557782 0.96209085 0.83032732]
 [0.96125585 0.68904476 0.96426186 0.83233133]
 [0.96476286 0.70424182 0.96576486 0.83132933]
 [0.9737809  0.69321977 0.98363393 0.84669339]
 [0.9749499  0.69422178 0.98814295 0.84853039]
 [0.9756179  0.69689379 0.98964596 0.84068136]
 [0.97945892 0.68286573 0.99098196 0.84268537]]
[[0.60921844 0.6511356  0.84468938 0.77705411]
 [0.61122244 0.68002672 0.85387442 0.80293921]
 [0.6497996  0.70607882 0.88309953 0.80878424]
 [0.69271877 0.70657983 0.88961256 0.82264529]
 [0.70524382 0.70407482 0.89712759 0.80995324]
 [0.73563794 0.7009018  0.88927856 0.79191717]
 [0.76569806 0.70691383 0.88877756 0.80193721]
 [0.80344021 0.73647295 0.90414162 0.80961924]
 [0.82030728 0.72912492 0.90948564 0.80594522]
 [0.84752839 0.73179693 0.91649967 0.82064128]
 [0.86606546 0.73864395 0.91716767 0.81479626]
 [0.88309953 0.73196393 0.92067468 0.82314629]
 [0.89746159 0.74816299 0.91900468 0.82715431]
 [0.90931864 0.749833   0.93102872 0.83082832]
 [0.91416166 0.751169   0.93420174 0.82682031]
 [0.90664663 0.73914496 0.93069472 0.81346025]
 [0.92267869 0.73647295 0.93854375 0.82314629]
 [0.93086172 0.751169   0.94038076 0.82748831]
 [0.94388778 0.75200401 0.93987976 0.8254843 ]
 [0.93937876 0.749666   0.9505678  0.8251503 ]
 [0.95323981 0.74265197 0.95691383 0.83750835]
 [0.95674683 0.75250501 0.95607882 0.82715431]
 [0.95307281 0.74048096 0.95991984 0.83266533]
 [0.96275885 0.76085504 0.97144289 0.83901136]
 [0.97144289 0.749666   0.97912492 0.84502338]
 [0.97678691 0.75918504 0.98530394 0.83366733]
 [0.97895792 0.76653307 0.98613894 0.8512024 ]
 [0.97962592 0.77738811 0.99081496 0.84084836]]
[[0.60971944 0.63810955 0.83132933 0.75634603]
 [0.61907148 0.65313961 0.86005344 0.79776219]
 [0.64428858 0.65230461 0.8747495  0.80494322]
 [0.67702071 0.65247161 0.87909152 0.79742819]
 [0.71108884 0.64278557 0.89078156 0.79525718]
 [0.74766199 0.65397462 0.90146961 0.81279225]
 [0.80444222 0.6743487  0.91482966 0.83633935]
 [0.80227121 0.65263861 0.89595858 0.78807615]
 [0.82849031 0.66199065 0.91265865 0.81830327]
 [0.84151637 0.66366065 0.90948564 0.82114228]
 [0.86289245 0.6758517  0.91449566 0.83032732]
 [0.8759185  0.65297261 0.91482966 0.81629927]
 [0.88760855 0.65146961 0.91616566 0.80928524]
 [0.90263861 0.66733467 0.92969272 0.83400134]
 [0.90564462 0.65915164 0.91633267 0.81245825]
 [0.9253507  0.65647963 0.9248497  0.82965932]
 [0.93102872 0.68269873 0.93219773 0.84084836]
 [0.93269873 0.65280561 0.93169673 0.81746827]
 [0.94021376 0.66466266 0.94305277 0.84001336]
 [0.95273881 0.66516366 0.9490648  0.84335337]
 [0.9488978  0.6755177  0.94422178 0.82915832]
 [0.95190381 0.66432866 0.94873079 0.8259853 ]
 [0.95557782 0.66098864 0.95774883 0.8261523 ]
 [0.96526386 0.66616566 0.95858383 0.83800935]
 [0.96760187 0.66265865 0.97344689 0.82715431]
 [0.9742819  0.66633267 0.97778891 0.84201737]
 [0.9749499  0.65347361 0.98062792 0.8248163 ]
 [0.97628591 0.68420174 0.98613894 0.83934536]]
[[0.59752839 0.57932532 0.83350033 0.75617902]
 [0.60554442 0.60287241 0.85855043 0.79275217]
 [0.64679359 0.62892452 0.87274549 0.79609218]
 [0.67852371 0.63927856 0.88643955 0.80527722]
 [0.70390782 0.63944556 0.8747495  0.78924516]
 [0.74665999 0.64094856 0.89261857 0.81162325]
 [0.79358717 0.66516366 0.90163661 0.8244823 ]
 [0.80377422 0.6489646  0.90146961 0.81045424]
 [0.82247829 0.6487976  0.90130261 0.80728123]
 [0.84669339 0.64679359 0.89562458 0.80811623]
 [0.87257849 0.65965264 0.91416166 0.82882432]
 [0.87959252 0.66349365 0.91432866 0.82682031]
 [0.89278557 0.6499666  0.90898464 0.82247829]
 [0.90464262 0.66015364 0.91933868 0.82949232]
 [0.91366065 0.65731463 0.92184369 0.82631931]
 [0.91399466 0.65531062 0.92251169 0.82014028]
 [0.92718771 0.66115564 0.92351369 0.8254843 ]
 [0.93019372 0.65514362 0.93052772 0.8244823 ]
 [0.93186373 0.64078156 0.92317969 0.82197729]
 [0.94756179 0.65647963 0.93787575 0.83784235]
 [0.95390782 0.66382766 0.9495658  0.83249833]
 [0.95240481 0.65146961 0.94772879 0.83066132]
 [0.96142285 0.65514362 0.9509018  0.84352037]
 [0.96559786 0.65915164 0.94455578 0.82915832]
 [0.9741149  0.6750167  0.97177689 0.8503674 ]
 [0.97177689 0.66917168 0.97327989 0.83199733]
 [0.97645291 0.67034068 0.97645291 0.83851035]
 [0.97344689 0.65597862 0.98112892 0.82965932]]
[[0.6003674  0.65764863 0.83099532 0.75250501]
 [0.60354041 0.67201069 0.84836339 0.7753841 ]
 [0.63927856 0.67735471 0.8757515  0.80327321]
 [0.67017368 0.69288577 0.87808951 0.80995324]
 [0.71242485 0.71275885 0.89211757 0.80978624]
 [0.73864395 0.70257181 0.89362057 0.81429526]
 [0.78106212 0.71826987 0.8989646  0.81947228]
 [0.80861723 0.72227789 0.90163661 0.80878424]
 [0.8239813  0.7254509  0.89612558 0.81529726]
 [0.84719439 0.7256179  0.91215765 0.81997328]
 [0.85654643 0.72010688 0.90364061 0.82047428]
 [0.8760855  0.73112892 0.91165665 0.8244823 ]
 [0.88643955 0.71993988 0.90931864 0.82097528]
 [0.8996326  0.7259519  0.91132265 0.81730127]
 [0.90898464 0.71993988 0.9248497  0.83199733]
 [0.92134269 0.73881096 0.92201069 0.83049432]
 [0.93203073 0.72060788 0.9240147  0.82915832]
 [0.93069472 0.73179693 0.9256847  0.83216433]
 [0.93837675 0.7252839  0.91983968 0.8248163 ]
 [0.94288577 0.72244489 0.9258517  0.82932532]
 [0.9507348  0.73663995 0.93653975 0.84001336]
 [0.95240481 0.72895792 0.93637275 0.83099532]
 [0.95925184 0.73630595 0.94522378 0.82982632]
 [0.96309285 0.7257849  0.9512358  0.84285237]
 [0.97094188 0.74248497 0.96693387 0.83817635]
 [0.97712091 0.73296593 0.9744489  0.84185037]
 [0.9759519  0.74265197 0.97277889 0.8495324 ]
 [0.98046092 0.74281897 0.97778891 0.83817635]]
[[0.61172345 0.64478958 0.84335337 0.75818303]
 [0.62057448 0.65647963 0.86840347 0.79542418]
 [0.63810955 0.65881764 0.86690047 0.79859719]
 [0.68653975 0.6748497  0.88527054 0.80811623]
 [0.71609886 0.68370073 0.88861055 0.80160321]
 [0.75434202 0.68136273 0.90380762 0.8253173 ]
 [0.78690715 0.66315965 0.8992986  0.82247829]
 [0.80627923 0.67284569 0.89412158 0.80561122]
 [0.82782231 0.67017368 0.89428858 0.81680027]
 [0.83517034 0.65581162 0.88159653 0.79809619]
 [0.86539746 0.66867067 0.90263861 0.82114228]
 [0.86456246 0.64729459 0.89595858 0.80794923]
 [0.88777555 0.65764863 0.90781563 0.82164329]
 [0.90414162 0.65681363 0.90965264 0.81980628]
 [0.90965264 0.6761857  0.91048764 0.81997328]
 [0.91599866 0.68169673 0.92351369 0.83600534]
 [0.92985972 0.65597862 0.92351369 0.83817635]
 [0.93219773 0.65364061 0.91299265 0.81396126]
 [0.93770875 0.65681363 0.92685371 0.83132933]
 [0.94822979 0.67184369 0.92852371 0.83082832]
 [0.95307281 0.68553774 0.93871075 0.84151637]
 [0.96008684 0.65865063 0.93186373 0.83099532]
 [0.95908484 0.67651971 0.94422178 0.83917836]
 [0.96342685 0.66616566 0.93503674 0.82782231]
 [0.96459586 0.67150969 0.95323981 0.83082832]
 [0.9749499  0.68820975 0.96776887 0.85671343]
 [0.97661991 0.67702071 0.96726787 0.83784235]
 [0.9751169  0.67184369 0.97060788 0.83917836]]
[[0.60220441 0.68704075 0.84719439 0.75718103]
 [0.61339345 0.71526386 0.86372745 0.79826319]
 [0.64328657 0.73647295 0.87257849 0.80761523]
 [0.68002672 0.75283901 0.89128257 0.81162325]
 [0.71543086 0.75918504 0.8991316  0.82047428]
 [0.75851703 0.7745491  0.90397462 0.82197729]
 [0.78540414 0.77254509 0.89662659 0.81546426]
 [0.7994322  0.75434202 0.8991316  0.81062124]
 [0.81128925 0.74549098 0.89311957 0.80210421]
 [0.85721443 0.77321309 0.90898464 0.81913828]
 [0.85136941 0.751169   0.88760855 0.80611222]
 [0.8744155  0.75968604 0.90180361 0.81496326]
 [0.89111556 0.77955912 0.91165665 0.8238143 ]
 [0.89712759 0.76252505 0.90647963 0.81980628]
 [0.90547762 0.76169005 0.9009686  0.80293921]
 [0.92301269 0.7757181  0.92017368 0.83383434]
 [0.92985972 0.77271209 0.91750167 0.83717435]
 [0.93420174 0.77989312 0.92334669 0.84235137]
 [0.94822979 0.78423514 0.92935872 0.84669339]
 [0.94238477 0.78256513 0.9255177  0.83016032]
 [0.95340681 0.78039412 0.92935872 0.83867735]
 [0.95190381 0.78841015 0.93019372 0.82932532]
 [0.95591182 0.76118904 0.93670675 0.83233133]
 [0.95307281 0.76102204 0.94038076 0.8251503 ]
 [0.97244489 0.7755511  0.9498998  0.84018036]
 [0.9737809  0.77254509 0.95925184 0.83851035]
 [0.97695391 0.78056112 0.96092184 0.82698731]
 [0.98029392 0.76970608 0.96426186 0.83266533]]
[[0.61806947 0.64211757 0.83249833 0.75334001]
 [0.61155645 0.62859051 0.84235137 0.77254509]
 [0.63677355 0.6496326  0.86422846 0.79792919]
 [0.68019372 0.64345357 0.88042752 0.80728123]
 [0.70624582 0.64562458 0.88694055 0.80444222]
 [0.74215097 0.64328657 0.89679359 0.80978624]
 [0.7748831  0.64812959 0.89078156 0.8007682 ]
 [0.79559118 0.6504676  0.88777555 0.80227121]
 [0.82214429 0.66516366 0.89595858 0.81095524]
 [0.85704743 0.6740147  0.90564462 0.8243153 ]
 [0.87090848 0.68470274 0.91215765 0.83834335]
 [0.8760855  0.66983968 0.91215765 0.8261523 ]
 [0.89061456 0.66015364 0.90547762 0.82364729]
 [0.8992986  0.67134269 0.90380762 0.82114228]
 [0.91499666 0.68871075 0.90814963 0.82899132]
 [0.92969272 0.68370073 0.92802271 0.8505344 ]
 [0.92785571 0.68386774 0.91566466 0.83617234]
 [0.93370073 0.68436874 0.92000668 0.83684035]
 [0.93319973 0.67952572 0.91265865 0.8251503 ]
 [0.94321977 0.68787575 0.92702071 0.82899132]
 [0.95524382 0.67935872 0.92702071 0.83884436]
 [0.95357381 0.65364061 0.92201069 0.82231129]
 [0.95340681 0.66533066 0.92919172 0.83266533]
 [0.95941884 0.67017368 0.93052772 0.83500334]
 [0.97361389 0.68653975 0.94789579 0.84468938]
 [0.97144289 0.66065464 0.94772879 0.83299933]
 [0.9747829  0.66700067 0.94806279 0.81930528]
 [0.98129593 0.66215765 0.95941884 0.83350033]]
[[0.59285237 0.56245825 0.83550434 0.74582498]
 [0.61773547 0.56346025 0.86022044 0.78907816]
 [0.6491316  0.57982632 0.8755845  0.79843019]
 [0.68069472 0.58383434 0.88677355 0.79843019]
 [0.72261189 0.57965932 0.88660655 0.81012024]
 [0.74649299 0.57932532 0.88493654 0.79358717]
 [0.78039412 0.59552438 0.88326653 0.81529726]
 [0.80794923 0.58132933 0.8996326  0.81646627]
 [0.82748831 0.5743153  0.90597862 0.82214429]
 [0.84118236 0.55895124 0.89579158 0.8001002 ]
 [0.85654643 0.57748831 0.89512358 0.80460922]
 [0.8752505  0.58500334 0.90480962 0.81212425]
 [0.89779559 0.58216433 0.90998664 0.82181029]
 [0.90213761 0.57815631 0.91282565 0.83400134]
 [0.91850367 0.59018036 0.90814963 0.8256513 ]
 [0.9245157  0.58684035 0.91215765 0.82949232]
 [0.92985972 0.58183033 0.91315965 0.82314629]
 [0.92768871 0.58583834 0.90597862 0.81012024]
 [0.94188377 0.59385438 0.91967268 0.84084836]
 [0.94372077 0.57782231 0.91499666 0.82147629]
 [0.95190381 0.58884436 0.9246827  0.83617234]
 [0.9500668  0.5743153  0.92050768 0.8241483 ]
 [0.95674683 0.57648631 0.92251169 0.82882432]
 [0.95941884 0.58700735 0.93036072 0.83633935]
 [0.97027388 0.5761523  0.93603874 0.83149633]
 [0.97327989 0.58884436 0.9495658  0.83834335]
 [0.97728791 0.57715431 0.94772879 0.81913828]
 [0.97628591 0.58483634 0.95657983 0.82832331]]
[[0.61305945 0.56295925 0.84719439 0.76569806]
 [0.61055444 0.59134937 0.85921844 0.79124916]
 [0.63660655 0.61740147 0.87274549 0.79843019]
 [0.68169673 0.62090848 0.88460254 0.81513026]
 [0.72227789 0.61907148 0.89295257 0.80460922]
 [0.748998   0.61523046 0.89428858 0.81312625]
 [0.78557114 0.61823647 0.8989646  0.81713427]
 [0.80794923 0.61339345 0.89245157 0.81379426]
 [0.82181029 0.61038744 0.89178357 0.80627923]
 [0.83433534 0.62875752 0.90547762 0.82147629]
 [0.86422846 0.61973948 0.89261857 0.80394122]
 [0.88109552 0.60988644 0.89796259 0.81796927]
 [0.88944556 0.61339345 0.90297261 0.81396126]
 [0.90931864 0.62291249 0.8991316  0.82030728]
 [0.90931864 0.59736139 0.89562458 0.80611222]
 [0.9243487  0.60838343 0.91065464 0.82849031]
 [0.92852371 0.61523046 0.90965264 0.82865731]
 [0.93403474 0.61222445 0.91065464 0.82748831]
 [0.93186373 0.61339345 0.91566466 0.81763527]
 [0.94205077 0.61639947 0.91666667 0.83199733]
 [0.9504008  0.62625251 0.92050768 0.83851035]
 [0.95407482 0.61389446 0.92150969 0.83066132]
 [0.95791583 0.61639947 0.91917168 0.82698731]
 [0.96158985 0.62975952 0.93152973 0.84051436]
 [0.97261189 0.62341349 0.93854375 0.83233133]
 [0.97010688 0.62191049 0.92985972 0.82114228]
 [0.9737809  0.63493654 0.94038076 0.83700735]
 [0.97661991 0.61723447 0.94739479 0.83049432]]
[[0.59569138 0.52037408 0.83383434 0.74615898]
 [0.60370741 0.55177021 0.85688043 0.77321309]
 [0.63877756 0.56262525 0.87157649 0.8002672 ]
 [0.6748497  0.54358717 0.87291249 0.79342017]
 [0.7261189  0.58617234 0.89812959 0.81346025]
 [0.74181697 0.57932532 0.88677355 0.80511022]
 [0.77304609 0.58800935 0.89662659 0.80544422]
 [0.80511022 0.59051436 0.9009686  0.81780227]
 [0.83066132 0.60203741 0.89762859 0.81362725]
 [0.84185037 0.59535738 0.89529058 0.81412826]
 [0.86372745 0.59235137 0.89812959 0.81212425]
 [0.88343353 0.59452238 0.90263861 0.82732131]
 [0.89529058 0.58650635 0.8987976  0.82331329]
 [0.89846359 0.59168337 0.90297261 0.82097528]
 [0.90297261 0.6003674  0.89679359 0.82064128]
 [0.92084168 0.5995324  0.91516366 0.84084836]
 [0.9243487  0.60337341 0.91566466 0.83633935]
 [0.93403474 0.61239145 0.90814963 0.8249833 ]
 [0.93754175 0.59736139 0.91249165 0.82748831]
 [0.94438878 0.59368737 0.92201069 0.84185037]
 [0.95691383 0.61389446 0.91700067 0.83934536]
 [0.95440882 0.60153641 0.9243487  0.83934536]
 [0.95975284 0.60888444 0.92735471 0.83800935]
 [0.96726787 0.59168337 0.91883768 0.83066132]
 [0.96977288 0.61873747 0.93637275 0.84452238]
 [0.9741149  0.58466934 0.93102872 0.83066132]
 [0.97311289 0.6012024  0.93436874 0.83466934]
 [0.97962592 0.60571142 0.94288577 0.84168337]]
[[0.59318637 0.6247495  0.84168337 0.75384102]
 [0.61372745 0.67368069 0.85721443 0.77972612]
 [0.64178357 0.69038076 0.86790247 0.79375418]
 [0.68203073 0.71409486 0.87725451 0.80360721]
 [0.73430194 0.74048096 0.89762859 0.82815631]
 [0.74766199 0.73764195 0.88343353 0.80661323]
 [0.77805611 0.72778891 0.88994656 0.81880428]
 [0.80561122 0.73313293 0.89278557 0.81529726]
 [0.8246493  0.7239479  0.89278557 0.81128925]
 [0.85537742 0.73780895 0.90364061 0.82247829]
 [0.86606546 0.73146293 0.8991316  0.81496326]
 [0.87859051 0.74098196 0.90263861 0.82247829]
 [0.89261857 0.748998   0.90497662 0.82782231]
 [0.89094856 0.71760187 0.88142953 0.80193721]
 [0.91399466 0.748998   0.91048764 0.83149633]
 [0.9258517  0.75517702 0.91616566 0.84368737]
 [0.92852371 0.73513694 0.91382766 0.82949232]
 [0.93086172 0.73012692 0.90998664 0.82064128]
 [0.94305277 0.73413494 0.91132265 0.83750835]
 [0.94455578 0.73196393 0.91048764 0.8254843 ]
 [0.94722779 0.71927188 0.91349365 0.81696727]
 [0.95407482 0.74465598 0.92317969 0.83967936]
 [0.95591182 0.74615898 0.92317969 0.83533734]
 [0.95774883 0.74365397 0.92267869 0.83266533]
 [0.96943888 0.74866399 0.93720775 0.84802939]
 [0.9746159  0.74782899 0.93269873 0.84552438]
 [0.9759519  0.74098196 0.93820975 0.83316633]
 [0.97945892 0.76202405 0.94221777 0.84301937]]
[[0.60688043 0.61539746 0.84435538 0.76018704]
 [0.62925852 0.62708751 0.87625251 0.80277221]
 [0.64362057 0.61973948 0.8739145  0.78857715]
 [0.68904476 0.63059452 0.88209753 0.80227121]
 [0.71459586 0.64228457 0.89428858 0.81930528]
 [0.75651303 0.6504676  0.89144957 0.8259853 ]
 [0.77822311 0.64779559 0.89545758 0.81145625]
 [0.81045424 0.65798263 0.89161657 0.80678023]
 [0.8256513  0.65163661 0.89161657 0.80410822]
 [0.8505344  0.64696059 0.90130261 0.81746827]
 [0.85420842 0.64128257 0.89796259 0.80544422]
 [0.87708751 0.64829659 0.8996326  0.82080828]
 [0.89311957 0.66516366 0.89445558 0.82097528]
 [0.90364061 0.67368069 0.90798263 0.8251503 ]
 [0.91700067 0.67368069 0.91265865 0.83967936]
 [0.92184369 0.67034068 0.90698063 0.8243153 ]
 [0.9251837  0.66516366 0.91048764 0.83199733]
 [0.93486974 0.66115564 0.90764863 0.83082832]
 [0.94789579 0.6756847  0.91833667 0.84101536]
 [0.94689379 0.65430862 0.91466266 0.83283233]
 [0.95223781 0.6756847  0.92351369 0.84335337]
 [0.95357381 0.66917168 0.92334669 0.83600534]
 [0.95808283 0.66015364 0.92217769 0.83583834]
 [0.95824983 0.6740147  0.91967268 0.82999332]
 [0.97261189 0.68052772 0.9248497  0.84552438]
 [0.9742819  0.66816967 0.92835671 0.83884436]
 [0.97227789 0.65931864 0.93269873 0.84235137]
 [0.97628591 0.65347361 0.9248497  0.83132933]]
[[0.6007014  0.62291249 0.84869739 0.75617902]
 [0.61239145 0.64779559 0.85955244 0.79041416]
 [0.6489646  0.66232465 0.87090848 0.7992652 ]
 [0.68069472 0.6501336  0.86973948 0.79458918]
 [0.70774883 0.65865063 0.88543754 0.81529726]
 [0.74482298 0.67167669 0.88193053 0.81613226]
 [0.76452906 0.6503006  0.88076152 0.79625919]
 [0.79676019 0.67284569 0.89061456 0.81663327]
 [0.81863727 0.67368069 0.88777555 0.81279225]
 [0.8493654  0.65915164 0.89529058 0.80845023]
 [0.86756847 0.66867067 0.9001336  0.82181029]
 [0.87625251 0.65397462 0.89495658 0.81680027]
 [0.89211757 0.66265865 0.8997996  0.8239813 ]
 [0.9008016  0.66733467 0.90364061 0.8254843 ]
 [0.91482966 0.68904476 0.90898464 0.83951236]
 [0.91867067 0.6509686  0.9006346  0.81880428]
 [0.92985972 0.66850367 0.90831663 0.82765531]
 [0.93119572 0.65531062 0.90130261 0.82181029]
 [0.94255177 0.66716767 0.91232465 0.83433534]
 [0.94605878 0.65247161 0.90731463 0.83183033]
 [0.9502338  0.66215765 0.91482966 0.83416834]
 [0.94806279 0.66783567 0.91382766 0.82765531]
 [0.94856379 0.66933868 0.91816967 0.82899132]
 [0.96125585 0.65998664 0.91917168 0.83366733]
 [0.97194389 0.6746827  0.93169673 0.8512024 ]
 [0.97010688 0.66332665 0.9248497  0.83800935]
 [0.97244489 0.6506346  0.92317969 0.82798931]
 [0.97995992 0.65865063 0.9258517  0.8253173 ]]
[[0.60487642 0.62224449 0.84385438 0.75467602]
 [0.61556446 0.64178357 0.86189045 0.79008016]
 [0.62725451 0.62825651 0.86356045 0.78406814]
 [0.68086172 0.6497996  0.87725451 0.81646627]
 [0.7237809  0.66649967 0.88426854 0.81863727]
 [0.74682699 0.66249165 0.88527054 0.80160321]
 [0.77922512 0.66816967 0.88193053 0.80811623]
 [0.79742819 0.64762859 0.88660655 0.81262525]
 [0.83533734 0.67184369 0.89195057 0.82231129]
 [0.85404142 0.66165665 0.90180361 0.8251503 ]
 [0.85454242 0.64629259 0.88894456 0.81362725]
 [0.88426854 0.66048764 0.90614562 0.83049432]
 [0.88226453 0.65948564 0.88861055 0.80845023]
 [0.91015364 0.67284569 0.9011356  0.83132933]
 [0.91315965 0.65831663 0.9011356  0.82197729]
 [0.9238477  0.65748163 0.8987976  0.8251503 ]
 [0.92251169 0.66032064 0.89144957 0.81446226]
 [0.92885772 0.67167669 0.90414162 0.81963928]
 [0.94004676 0.65831663 0.90414162 0.82130929]
 [0.9502338  0.67752171 0.91199065 0.83283233]
 [0.95240481 0.68837675 0.91917168 0.84552438]
 [0.95891784 0.67017368 0.91432866 0.83667335]
 [0.96108884 0.68136273 0.91733467 0.83867735]
 [0.96242485 0.67635271 0.91583166 0.83350033]
 [0.97344689 0.68136273 0.92718771 0.84669339]
 [0.97277889 0.66516366 0.92267869 0.83734135]
 [0.9752839  0.6487976  0.91950568 0.8261523 ]
 [0.9744489  0.68854375 0.92835671 0.82782231]]
[[0.6008684  0.63360053 0.84853039 0.76219105]
 [0.6239145  0.66700067 0.86723447 0.79308617]
 [0.64779559 0.67267869 0.86589846 0.7994322 ]
 [0.68453574 0.67768871 0.8754175  0.7994322 ]
 [0.70824983 0.66199065 0.8739145  0.80227121]
 [0.75       0.69288577 0.89078156 0.82030728]
 [0.77254509 0.66967268 0.87808951 0.8007682 ]
 [0.80811623 0.68570474 0.88627255 0.81179025]
 [0.83917836 0.68069472 0.89612558 0.81847027]
 [0.8510354  0.67651971 0.89128257 0.81579826]
 [0.86723447 0.67885772 0.90280561 0.82047428]
 [0.8757515  0.68987976 0.89278557 0.81145625]
 [0.88827655 0.68269873 0.90213761 0.81863727]
 [0.90664663 0.6758517  0.89295257 0.8246493 ]
 [0.91165665 0.68637275 0.90748163 0.82064128]
 [0.92134269 0.69305277 0.90397462 0.83316633]
 [0.92201069 0.68837675 0.89529058 0.81897128]
 [0.93370073 0.68353373 0.89779559 0.81713427]
 [0.93937876 0.70440882 0.91199065 0.83366733]
 [0.9504008  0.7000668  0.91883768 0.84101536]
 [0.95357381 0.70307281 0.91850367 0.84134937]
 [0.95758183 0.69722779 0.91232465 0.83734135]
 [0.95641283 0.69422178 0.91482966 0.83233133]
 [0.96025384 0.69522378 0.90981964 0.83366733]
 [0.97044088 0.69021376 0.91850367 0.83684035]
 [0.9757849  0.68737475 0.92084168 0.84134937]
 [0.97828991 0.66382766 0.91382766 0.81997328]
 [0.9746159  0.66983968 0.91933868 0.8259853 ]]
[[0.60821643 0.59435538 0.83633935 0.75267201]
 [0.61589846 0.61973948 0.85921844 0.79776219]
 [0.6506346  0.64061456 0.86472946 0.8009352 ]
 [0.68136273 0.63076152 0.88961256 0.80861723]
 [0.71192385 0.63911156 0.88226453 0.81179025]
 [0.75233801 0.63493654 0.89178357 0.82899132]
 [0.77304609 0.62658651 0.89178357 0.80961924]
 [0.80494322 0.63861055 0.88694055 0.81746827]
 [0.82231129 0.63410154 0.87975952 0.80945224]
 [0.84385438 0.63393454 0.89562458 0.82014028]
 [0.86138945 0.62641951 0.88944556 0.81346025]
 [0.87992652 0.64662659 0.90547762 0.82231129]
 [0.88744155 0.62641951 0.88844355 0.81095524]
 [0.89846359 0.62625251 0.89395458 0.81095524]
 [0.91683367 0.62925852 0.90230461 0.8246493 ]
 [0.92351369 0.64562458 0.90714763 0.83550434]
 [0.93553774 0.62975952 0.91315965 0.84068136]
 [0.93453574 0.63861055 0.91282565 0.84068136]
 [0.94021376 0.6249165  0.90497662 0.81796927]
 [0.94605878 0.63844355 0.90731463 0.83817635]
 [0.94789579 0.63376754 0.91416166 0.83734135]
 [0.95323981 0.63343353 0.91499666 0.83533734]
 [0.96242485 0.64228457 0.91299265 0.84084836]
 [0.96209085 0.62007348 0.91249165 0.8253173 ]
 [0.96810287 0.6247495  0.90547762 0.81813627]
 [0.9751169  0.63476954 0.9251837  0.84569138]
 [0.9751169  0.63844355 0.91599866 0.82932532]
 [0.97795591 0.64328657 0.92251169 0.83533734]]
